Y;"";419706.510;1327961.959;729.352;2195.206;0.0001;0.0001;0.0001
Y;"";421737.357;1323180.429;2834.070;-2554.010;0.0000;-0.0001;0.0001
Y;"";418422.742;1324758.248;-504.481;-1027.896;0.0001;0.0001;0.0002
Y;"";419199.583;1321202.085;327.422;-4571.411;-0.0001;-0.0002;0.0002
Y;"";417843.063;1322446.267;-1048.182;-3348.489;-0.0002;0.0000;0.0002
Y;"";419304.242;1322550.250;411.140;-3221.846;-0.0002;-0.0001;0.0002
Y;"";419547.434;1325779.041;604.181;10.182;-0.0001;-0.0002;0.0002
Y;"";419721.221;1324879.586;791.899;-886.426;0.0003;0.0000;0.0003
Y;"";424601.891;1334435.103;5523.457;8743.248;0.0003;-0.0002;0.0003
Y;"";419520.065;1323822.225;607.186;-1946.733;-0.0003;0.0000;0.0003
Y;"";418198.602;1324081.789;-718.085;-1707.721;0.0002;0.0002;0.0003
Y;"";418321.821;1325023.046;-609.495;-764.708;0.0000;0.0004;0.0004
Y;"";417113.554;1322081.889;-1771.914;-3724.128;0.0003;0.0003;0.0004
Y;"";419687.885;1324063.489;771.234;-1702.905;0.0000;-0.0005;0.0005
Y;"";420923.667;1321805.556;2041.853;-3941.283;-0.0004;-0.0004;0.0006
Y;"";421745.096;1323211.164;2841.330;-2523.160;-0.0007;-0.0001;0.0007
Y;"";415946.463;1321728.849;-2933.332;-4095.222;-0.0001;0.0008;0.0008
Y;"";420826.225;1321781.507;1944.800;-3966.840;-0.0008;-0.0001;0.0008
Y;"";418943.151;1325778.229;0.012;-0.008;0.0008;0.0001;0.0008
Y;"";418339.962;1325790.746;-603.271;3.146;0.0007;0.0006;0.0009
Y;"";412475.589;1320714.790;-6387.890;-5162.980;-0.0001;0.0009;0.0009
Y;"";418217.790;1321535.917;-659.389;-4252.871;-0.0004;0.0008;0.0009
Y;"";420254.191;1327656.831;1281.678;1898.628;0.0007;-0.0006;0.0009
Y;"";413608.524;1326765.168;-5349.045;903.974;0.0007;0.0006;0.0009
Y;"";416832.825;1323828.788;-2079.708;-1981.876;0.0004;0.0009;0.0010
Y;"";416223.871;1321118.238;-2646.494;-4701.426;-0.0006;0.0008;0.0010
Y;"";413704.311;1321074.810;-5164.960;-4783.950;0.0000;0.0010;0.0010
Y;"";417091.879;1319913.962;-1759.940;-5892.030;-0.0004;0.0009;0.0010
Y;"";414452.430;1327727.598;-4520.216;1879.341;0.0010;0.0002;0.0010
Y;"";424819.300;1328003.818;5840.642;2316.407;0.0005;-0.0009;0.0010
Y;"";422327.307;1331702.414;3291.662;5975.712;0.0003;-0.0011;0.0011
Y;"";425181.654;1327910.752;6204.380;2228.980;0.0005;-0.0010;0.0011
Y;"";424395.652;1325515.642;5455.680;-177.930;-0.0003;-0.0010;0.0011
Y;"";413503.242;1325638.696;-5436.827;-223.944;0.0002;0.0012;0.0013
Y;"";411510.718;1319708.277;-7336.980;-6184.300;-0.0009;0.0010;0.0013
Y;"";420886.854;1330316.704;1872.955;4567.877;0.0008;-0.0010;0.0013
Y;"";420886.853;1330316.704;1872.954;4567.877;0.0008;-0.0010;0.0013
Y;"";413253.606;1325382.903;-5682.451;-483.569;0.0008;0.0010;0.0013
Y;"";412997.568;1325115.650;-5934.299;-754.751;0.0004;0.0013;0.0014
Y;"";413013.980;1325737.727;-5927.544;-132.523;0.0008;0.0011;0.0014
Y;"";412769.274;1323571.050;-6138.583;-2302.637;0.0001;0.0014;0.0014
Y;"";413193.591;1325319.967;-5741.479;-547.426;0.0010;0.0010;0.0014
Y;"";414853.771;1327137.754;-4109.787;1295.824;0.0013;0.0003;0.0014
Y;"";413526.449;1325662.981;-5414.000;-199.303;0.0010;0.0011;0.0015
Y;"";414438.965;1327688.139;-4533.066;1839.680;0.0013;0.0007;0.0015
Y;"";413100.581;1325223.562;-5832.978;-645.258;0.0003;0.0015;0.0015
Y;"";413000.987;1327843.415;-5973.215;1972.613;0.0011;0.0010;0.0015
Y;"";416578.399;1318598.092;-2252.913;-7215.650;-0.0010;0.0011;0.0015
Y;"";413269.325;1326785.361;-5688.501;918.900;0.0006;0.0014;0.0015
Y;"";425638.306;1317737.991;6818.835;-7935.000;-0.0015;-0.0001;0.0016
Y;"";413456.758;1327267.940;-5508.588;1404.307;0.0015;0.0007;0.0016
Y;"";412986.548;1327800.729;-5986.989;1929.710;0.0012;0.0010;0.0016
Y;"";425638.306;1317737.991;6818.835;-7935.000;-0.0015;-0.0001;0.0016
Y;"";413651.479;1325794.352;-5291.030;-66.013;0.0007;0.0015;0.0016
Y;"";412961.790;1326173.578;-5986.490;302.446;0.0006;0.0016;0.0017
Y;"";413183.496;1326520.963;-5770.212;653.214;0.0009;0.0015;0.0017
Y;"";413675.001;1325818.532;-5267.887;-41.472;0.0009;0.0014;0.0017
Y;"";414796.834;1328951.649;-4194.866;3108.534;0.0016;0.0006;0.0017
Y;"";414749.946;1332295.329;-4293.640;6450.930;0.0017;0.0000;0.0017
Y;"";414984.333;1328716.586;-4003.750;2876.420;0.0016;0.0005;0.0017
Y;"";414749.946;1332295.329;-4293.640;6450.930;0.0017;0.0000;0.0017
Y;"";413072.848;1325798.259;-5869.625;-71.087;0.0011;0.0015;0.0019
Y;"";412475.600;1320714.809;-6387.880;-5162.960;-0.0008;0.0017;0.0019
Y;"";412565.425;1323551.290;-6342.091;-2325.557;0.0005;0.0018;0.0019
Y;"";413020.209;1327900.202;-5954.877;2029.689;0.0016;0.0011;0.0020
Y;"";413081.061;1328371.520;-5901.350;2501.873;0.0017;0.0011;0.0020
Y;"";414141.249;1332381.370;-4903.571;6527.509;0.0020;-0.0007;0.0021
Y;"";408967.433;1320249.408;-9888.240;-5682.730;-0.0013;0.0021;0.0024
Y;"";411222.157;1326947.897;-7737.850;1049.637;0.0017;0.0017;0.0024
Y;"";414272.921;1332289.649;-4770.497;6437.847;0.0023;-0.0005;0.0024
Y;"";427325.003;1340998.706;8144.250;15348.020;-0.0025;0.0003;0.0025
Y;"";412541.344;1328791.571;-6447.496;2913.478;0.0022;0.0014;0.0026
Y;"";414026.542;1332664.726;-5022.656;6809.038;0.0026;-0.0004;0.0026
Y;"";413934.810;1332409.138;-5110.406;6552.069;0.0026;-0.0002;0.0026
Y;"";409830.615;1328117.368;-9147.311;2197.317;0.0017;0.0023;0.0028
Y;"";413718.867;1332877.633;-5333.584;7017.134;0.0028;-0.0009;0.0030
N;"";410499.707;1336564.013;-8609.420;10652.940;0.0055;-0.0016;0.0058
N;"";412383.377;1340479.430;-6786.830;14596.940;0.0049;-0.0046;0.0067
