Y;"";6299904.933;2215469.933;-4865.45;-188.85;-0.0028;0.0005;0.0028
Y;"";6300135.252;2215077.342;-4621.81;-573.32;-0.0023;0.0000;0.0023
Y;"";6300287.881;2215072.958;-4469.12;-572.47;-0.0028;0.0007;0.0029
Y;"";6300415.919;2215068.398;-4341;-572.64;-0.0027;0.0001;0.0027
Y;"";6300589.533;2215052.112;-4166.928;-582.966;-0.0019;0.0007;0.0020
Y;"";6300580.97;2214922.224;-4171.035;-713.072;-0.0022;0.0007;0.0023
Y;"";6300506.228;2214916.712;-4245.545;-721.143;-0.0026;0.0000;0.0026
Y;"";6300515.973;2214815.892;-4232.35;-821.57;-0.0021;0.0004;0.0021
Y;"";6300257.207;2214787.479;-4489.992;-858.835;-0.0022;0.0000;0.0022
Y;"";6300229.239;2214714.12;-4515.43;-933.11;-0.0025;-0.0002;0.0025
Y;"";6300216.61;2214699.204;-4527.54;-948.45;-0.0020;-0.0001;0.0020
Y;"";6300208.992;2214661.743;-4533.87;-986.15;-0.0023;0.0002;0.0023
Y;"";6300189.621;2214614.665;-4551.616;-1033.865;-0.0019;-0.0003;0.0019
Y;"";6300416.314;2214374.241;-4316.815;-1266.38;-0.0016;0.0001;0.0016
Y;"";6300460.051;2214267.276;-4269.438;-1371.784;-0.0019;0.0001;0.0019
Y;"";6300539.101;2214204.63;-4188.287;-1431.685;-0.0019;-0.0004;0.0019
Y;"";6300647.996;2214142.375;-4077.322;-1490.172;-0.0021;-0.0005;0.0022
Y;"";6300688.341;2213925.42;-4029.565;-1705.618;-0.0018;-0.0002;0.0018
Y;"";6300851.502;2213947.668;-3867.261;-1677.792;-0.0016;-0.0008;0.0018
Y;"";6300878.32;2213641.342;-3829.96;-1983.021;-0.0009;-0.0008;0.0012
Y;"";6300890.554;2213511.729;-3813.291;-2112.139;-0.0007;-0.0004;0.0008
Y;"";6300888.854;2213357.671;-3809.711;-2266.166;-0.0013;-0.0006;0.0014
Y;"";6300886.674;2213232.251;-3807.591;-2391.588;-0.0007;-0.0007;0.0010
Y;"";6300883.762;2212990.142;-3802.204;-2633.656;-0.0005;-0.0005;0.0007
Y;"";6300859.342;2212772.246;-3819.143;-2852.263;-0.0010;-0.0011;0.0015
Y;"";6300688.721;2212749.847;-3988.897;-2880.496;-0.0007;-0.0010;0.0012
Y;"";6300677.192;2212713.988;-3999.19;-2916.73;-0.0003;-0.0017;0.0017
Y;"";6300424.693;2212727.3;-4251.999;-2912.079;-0.0007;-0.0018;0.0019
Y;"";6301082.32;2212329.092;-3581.107;-3287.518;-0.0005;-0.0008;0.0010
Y;"";6301246.679;2212404.626;-3419.432;-3206.395;-0.0006;-0.0006;0.0008
Y;"";6301478.507;2212263.464;-3182.9;-3339.53;0.0003;-0.0003;0.0004
Y;"";6301442.226;2212190.205;-3216.65;-3413.99;-0.0003;-0.0004;0.0006
Y;"";6301729.914;2211987.306;-2922.175;-3606.912;0.0002;-0.0003;0.0003
N;"";6301753.392;2211531.992;-2893.388;-3761.332;-10.2809;299.8250;300.0012
Y;"";6301970.350;2211791.084;-2675.154;-3794.78;0.0000;0.0001;0.0001
Y;"";6301993.06;2211820.8;-2653.476;-3764.303;-0.0004;0.0000;0.0004
Y;"";6302152.019;2211719.545;-2491.139;-3860.052;-0.0003;-0.0003;0.0004
Y;"";6302583.531;2211448.862;-2050.6;-4115.79;0.0006;-0.0004;0.0007
Y;"";6302778.479;2211314.048;-1851.145;-4243.844;0.0004;0.0004;0.0006
Y;"";6303014.766;2211192.735;-1610.838;-4356.989;0.0000;0.0004;0.0004
Y;"";6303284.432;2211262.145;-1343.707;-4278.378;0.0001;0.0000;0.0001
Y;"";6303424.979;2211247.266;-1202.732;-4288.431;-0.0003;0.0007;0.0008
Y;"";6303361.482;2211259.389;-1266.607;-4278.492;0.0003;-0.0002;0.0004
Y;"";6303643.723;2211175.1;-981.641;-4353.059;0.0003;0.0003;0.0004
Y;"";6303678.653;2211204.529;-947.74;-4322.45;0.0001;0.0003;0.0003
Y;"";6303830.455;2211125.239;-793.309;-4396.492;-0.0002;-0.0001;0.0002
Y;"";6303926.183;2211071.917;-695.809;-4446.502;-0.0001;0.0003;0.0003
Y;"";6304179.724;2210950.731;-438.262;-4558.929;-0.0002;-0.0001;0.0002
Y;"";6304137.604;2210865.981;-477.453;-4645.073;-0.0001;0.0002;0.0003
Y;"";6304256.11;2210846.169;-358.337;-4660.812;-0.0004;0.0004;0.0005
Y;"";6304431.302;2210862.601;-183.81;-4638.386;-0.0006;-0.0001;0.0006
Y;"";6304687.19;2210785.774;74.563;-4706.399;-0.0002;-0.0002;0.0003
Y;"";6304845.019;2210715.904;234.695;-4770.819;-0.0002;0.0002;0.0003
Y;"";6304774.017;2210631.43;166.629;-4857.677;-0.0004;0.0006;0.0007
Y;"";6304987.68;2210490.433;385;-4991.27;-0.0006;0.0003;0.0007
Y;"";6305097.043;2210414.801;496.891;-5063.11;-0.0012;0.0004;0.0012
Y;"";6305181.399;2210359.394;583.097;-5115.594;-0.0011;0.0003;0.0011
Y;"";6305243.48;2210334.815;645.985;-5138.031;-0.0005;0.0004;0.0006
Y;"";6305275.982;2210209.432;682.765;-5262.228;-0.0007;-0.0002;0.0007
Y;"";6304905.031;2209641.537;331.491;-5842.506;-0.0014;0.0005;0.0015
Y;"";6304727.126;2209285.605;165.888;-6204.329;-0.0009;0.0002;0.0010
Y;"";6304671.893;2209151.206;115.293;-6340.542;-0.0010;0.0012;0.0016
Y;"";6304470.529;2208844.387;-75.44;-6654.084;-0.0020;0.0015;0.0025
Y;"";6304684.545;2208674.299;144.281;-6816.739;-0.0022;0.0012;0.0025
Y;"";6304695.727;2208644.893;156.465;-6845.745;-0.0015;0.0009;0.0018
Y;"";6304760.645;2208703.753;219.328;-6784.694;-0.0016;0.0011;0.0020
Y;"";6304778.674;2208769.588;235.09;-6718.28;-0.0019;0.0004;0.0019
Y;"";6304846.734;2208920.353;297.944;-6565.27;-0.0014;0.0003;0.0015
Y;"";6304946.902;2209084.685;392.422;-6397.6;-0.0014;0.0006;0.0015
Y;"";6305008.112;2209194.759;449.824;-6285.492;-0.0015;0.0006;0.0016
Y;"";6305200.122;2209491.303;631.56;-5982.54;-0.0011;0.0001;0.0011
Y;"";6305262.231;2209647.495;688.28;-5824.31;-0.0011;0.0001;0.0011
Y;"";6305864.594;2209620.573;1291.216;-5830.573;-0.0013;-0.0005;0.0014
Y;"";6305943.786;2209639.105;1369.727;-5809.338;-0.0012;-0.0008;0.0014
Y;"";6306011.679;2209674.93;1436.353;-5771.207;-0.0010;-0.0008;0.0013
Y;"";6306078.441;2209651.244;1503.888;-5792.591;-0.0011;-0.0006;0.0012
Y;"";6306301.901;2209595.174;1729.14;-5840.97;-0.0010;-0.0005;0.0011
Y;"";6306387.341;2209624.943;1813.51;-5808.29;-0.0012;-0.0004;0.0012
Y;"";6306400.498;2209635.128;1826.31;-5797.66;-0.0015;-0.0004;0.0015
Y;"";6306360.491;2209690.374;1784.433;-5743.817;-0.0013;-0.0002;0.0013
Y;"";6306411.756;2209733.731;1834.183;-5698.729;-0.0006;-0.0010;0.0012
Y;"";6306425.037;2209744.873;1847.074;-5687.138;-0.0011;-0.0007;0.0013
Y;"";6306429.659;2209739.725;1851.87;-5692.125;-0.0008;-0.0011;0.0013
Y;"";6306445.009;2209752.291;1866.78;-5679.04;-0.0013;-0.0008;0.0015
Y;"";6306462.752;2209733.112;1885.17;-5697.6;-0.0013;-0.0011;0.0016
Y;"";6306513.821;2209772.634;1934.855;-5656.35;-0.0011;-0.0003;0.0012
Y;"";6306594.031;2209722.39;2016.74;-5703.816;-0.0015;-0.0004;0.0016
Y;"";6306945.054;2209652.092;2369.969;-5762.044;-0.0009;-0.0014;0.0017
Y;"";6306933.2;2209750.167;2354.761;-5664.432;-0.0006;-0.0012;0.0013
Y;"";6306959.463;2210080.304;2369.694;-5333.586;-0.0011;-0.0006;0.0012
Y;"";6307055.122;2210437.525;2453.056;-4973.294;-0.0001;-0.0005;0.0005
Y;"";6307146.79;2210598.021;2539.17;-4809.75;-0.0004;-0.0009;0.0010
Y;"";6307101.068;2210659.487;2491.368;-4749.887;-0.0005;-0.0013;0.0014
Y;"";6306997.251;2210735.253;2385.015;-4677.722;-0.0001;-0.0004;0.0004
Y;"";6306851.19;2210793.265;2237.05;-4624.75;-0.0008;-0.0010;0.0013
Y;"";6306800.517;2211073.305;2176.81;-4346.609;0.0001;-0.0008;0.0008
Y;"";6307051.997;2211265.251;2421.565;-4146.156;-0.0007;-0.0009;0.0011
Y;"";6307249.839;2211419.966;2613.99;-3984.75;-0.0006;-0.0004;0.0007
Y;"";6307450.821;2211573.084;2809.608;-3824.833;-0.0004;-0.0003;0.0005
Y;"";6307607.814;2211701.949;2962.094;-3690.663;0.0001;-0.0009;0.0009
Y;"";6307620.591;2211536.161;2980.545;-3855.917;-0.0002;-0.0010;0.0010
Y;"";6307679.567;2211336.721;3046.322;-4053.22;0.0000;-0.0009;0.0009
Y;"";6307692.191;2211316.682;3059.625;-4072.815;-0.0004;-0.0012;0.0013
Y;"";6307833.324;2211323.174;3200.454;-4061.49;0.0000;-0.0012;0.0012
Y;"";6307897.733;2211351.419;3263.858;-4031.054;0.0004;-0.0012;0.0013
Y;"";6307930.766;2211368.806;3296.276;-4012.545;0.0004;-0.0012;0.0013
Y;"";6307985.909;2211355.335;3351.848;-4024.118;-0.0002;-0.0008;0.0008
Y;"";6308269.125;2211259.543;3638.183;-4110.148;0.0004;-0.0005;0.0006
Y;"";6308418.337;2211292.224;3786.188;-4072.373;0.0000;-0.0012;0.0012
Y;"";6308686.202;2211375.076;4051.059;-3980.389;0.0010;-0.0011;0.0014
Y;"";6308924.988;2211253.277;4293.88;-4093.934;0.0005;-0.0012;0.0013
Y;"";6309032.967;2211251.023;4401.874;-4092.486;0.0009;-0.0010;0.0014
Y;"";6309227.464;2211188.654;4598.395;-4148.153;0.0005;-0.0008;0.0009
Y;"";6308984.341;2210980.108;4362.56;-4364.91;0.0002;-0.0009;0.0009
Y;"";6309062.783;2210846.672;4445.53;-4495.58;0.0008;-0.0007;0.0011
Y;"";6309200.771;2210615.098;4591.374;-4722.291;0.0008;-0.0012;0.0014
Y;"";6309294.585;2210524.29;4688.246;-4809.831;0.0012;-0.0010;0.0016
Y;"";6309690.277;2210256.793;5092.876;-5063.612;0.0018;-0.0011;0.0021
Y;"";6309821.585;2210193.506;5226.276;-5122.363;0.0012;-0.0019;0.0023
Y;"";6309992.077;2210500.443;5386.15;-4809.761;0.0012;-0.0014;0.0018
Y;"";6310121.266;2210619.645;5511.179;-4686.2;0.0014;-0.0005;0.0015
Y;"";6310068.403;2210823.763;5451.352;-4484.013;0.0019;-0.0012;0.0023
Y;"";6309966.275;2210991.292;5343.541;-4320.081;0.0009;-0.0010;0.0013
Y;"";6309722.99;2211319.56;5089.148;-4000.341;0.0015;-0.0008;0.0017
Y;"";6309967.059;2211465.651;5328.068;-3845.97;0.0008;-0.0003;0.0009
Y;"";6310161.796;2211172.386;5532.743;-4132.391;0.0016;-0.0004;0.0016
Y;"";6310450.619;2211417.807;5812.987;-3877.214;0.0010;0.0001;0.0010
Y;"";6310610.485;2211553.682;5968.104;-3735.939;0.0013;0.0003;0.0013
Y;"";6310457.946;2211787.579;5807.638;-3507.406;0.0015;-0.0003;0.0015
Y;"";6310463.681;2211791.475;5813.236;-3503.316;0.0013;-0.0006;0.0014
Y;"";6310505.764;2211957.627;5849.6;-3335.818;0.0008;-0.0003;0.0009
Y;"";6310752.461;2211665.368;6106.17;-3619.453;0.0012;-0.0004;0.0013
Y;"";6311043.195;2211905.921;6388.491;-3369.075;0.0008;0.0008;0.0011
Y;"";6311115.823;2211974.096;6458.741;-3298.451;0.0013;0.0004;0.0013
Y;"";6311327.445;2211782.388;6676.81;-3482.795;0.0013;0.0008;0.0015
Y;"";6311362.132;2211817.305;6710.28;-3446.71;0.0010;0.0004;0.0011
Y;"";6311380.866;2211834.894;6728.401;-3428.489;0.0016;0.0005;0.0017
Y;"";6311383.733;2211953.056;6727.217;-3310.297;0.0017;0.0009;0.0019
Y;"";6311337.525;2212000.322;6679.415;-3264.642;0.0007;0.0008;0.0011
Y;"";6311464.779;2212132.195;6802.076;-3128.485;0.0008;0.0004;0.0009
Y;"";6311417.036;2212177.714;6752.801;-3084.628;0.0011;0.0009;0.0014
Y;"";6311397.009;2212221.448;6731.287;-3041.606;0.0012;0.0006;0.0014
Y;"";6311518.699;2212326.233;6849.315;-2932.711;0.0008;0.0011;0.0014
Y;"";6312084.262;2212795.905;7398.454;-2443.93;0.0004;0.0006;0.0008
Y;"";6312176.675;2212871.303;7488.229;-2365.408;-0.0001;0.0013;0.0013
Y;"";6312416.329;2212832.615;7729.07;-2395.861;0.0000;0.0010;0.0010
Y;"";6312572.272;2212798.658;7886.086;-2424.454;-0.0004;0.0012;0.0012
Y;"";6312683.955;2212738.726;7999.758;-2480.523;-0.0005;0.0021;0.0021
Y;"";6312898.116;2212679.977;8215.809;-2531.899;0.0003;0.0018;0.0019
Y;"";6313006.345;2212661.646;8324.603;-2546.51;-0.0002;0.0022;0.0023
Y;"";6313130.785;2212721.511;8446.919;-2482.415;-0.0006;0.0024;0.0025
Y;"";6313135.751;2212735.884;8451.39;-2467.88;-0.0001;0.0026;0.0026
Y;"";6313263.815;2212835.434;8575.968;-2363.999;-0.0004;0.0025;0.0026
Y;"";6313235.471;2213073.291;8539.489;-2127.251;-0.0006;0.0026;0.0027
Y;"";6313124.534;2213295.906;8420.987;-1908.568;-0.0008;0.0013;0.0015
Y;"";6313067.302;2213357.518;8361.677;-1848.953;-0.0005;0.0013;0.0014
Y;"";6312837.006;2213431.666;8128.973;-1782.74;-0.0009;0.0015;0.0017
Y;"";6312550.362;2213348.672;7845.34;-1875.51;-0.0001;0.0007;0.0007
Y;"";6312530.569;2213377.206;7824.58;-1847.67;-0.0007;0.0016;0.0017
Y;"";6312378.842;2213265.21;7676.779;-1964.801;-0.0007;0.0014;0.0015
Y;"";6312359.587;2213285.67;7656.834;-1945.013;-0.0007;0.0011;0.0013
Y;"";6312318.65;2213448.564;7610.339;-1783.616;0.0000;0.0014;0.0014
Y;"";6312243.612;2213712.766;7526.29;-1522.139;-0.0002;0.0010;0.0011
Y;"";6312272.445;2213755.543;7553.64;-1478.399;-0.0006;0.0007;0.0009
Y;"";6312254.287;2213772.848;7534.899;-1461.726;-0.0010;0.0010;0.0014
Y;"";6312345.595;2213901.105;7621.759;-1330.415;-0.0007;0.0002;0.0007
Y;"";6312396.864;2213965.092;7670.805;-1264.708;-0.0012;0.0002;0.0012
Y;"";6312614.894;2213878.097;7891.69;-1344.18;-0.0012;0.0009;0.0015
Y;"";6312933.812;2213821.283;8212.37;-1390.032;-0.0016;0.0005;0.0017
Y;"";6313160.64;2213937.851;8435.072;-1265.758;-0.0014;0.0006;0.0016
Y;"";6312757.955;2214732.214;8005.397;-485.656;-0.0013;-0.0004;0.0014
Y;"";6312566.45;2215099.515;7801.415;-125.131;-0.0015;-0.0006;0.0016
Y;"";6312550.032;2215225.182;7780.7;-0.1;-0.0012;-0.0012;0.0017
Y;"";6312573.482;2215445.086;7796.6;220.48;-0.0013;-0.0015;0.0020
Y;"";6312501.137;2215508.047;7722.139;280.926;-0.0014;-0.0007;0.0016
Y;"";6312459.023;2215631.013;7675.836;402.377;-0.0006;-0.0012;0.0014
Y;"";6312411.351;2215827.86;7621.445;597.476;-0.0010;-0.0014;0.0018
Y;"";6311840.957;2216489.948;7028.692;1239.632;0.0003;-0.0016;0.0016
Y;"";6311746.398;2216695.596;6927.14;1441.92;0.0004;-0.0017;0.0018
Y;"";6311699.348;2216767.743;6877.645;1512.413;0.0007;-0.0014;0.0016
Y;"";6311496.606;2216930.955;6669.427;1668.582;0.0008;-0.0015;0.0017
Y;"";6311685.175;2216934.053;6857.78;1678.14;0.0003;-0.0023;0.0023
Y;"";6311591.805;2217050.61;6760.47;1791.43;0.0008;-0.0018;0.0019
Y;"";6311413.812;2216965.244;6585.506;1700.014;0.0009;-0.0011;0.0015
Y;"";6311140;2216861.154;6315.42;1586.6;0.0008;-0.0015;0.0017
Y;"";6311002.786;2216870.998;6177.948;1591.736;0.0006;-0.0012;0.0014
Y;"";6310842.5;2216868.224;6017.85;1583.47;0.0006;-0.0016;0.0017
Y;"";6310831.84;2216790.641;6009.855;1505.567;0.0005;-0.0012;0.0013
Y;"";6310665.817;2216775.145;5844.46;1484.39;0.0012;-0.0013;0.0018
Y;"";6310592.839;2216760.018;5772.042;1466.771;0.0004;-0.0011;0.0011
Y;"";6310582.881;2216691.749;5764.43;1398.2;0.0010;-0.0014;0.0017
Y;"";5310535.741;2216696.037;5717.17;1400.87;0.0033;-0.0089;0.0095
Y;"";6310525.482;2216628.849;5709.22;1333.37;0.0010;-0.0007;0.0012
Y;"";6310515.764;2216600.186;5700.49;1304.39;0.0011;-0.0013;0.0017
Y;"";6310463.741;2216644.164;5646.99;1346.56;0.0011;-0.0009;0.0014
Y;"";6310354.013;2216705.79;5535.213;1404.390;0.0004;-0.0006;0.0007
Y;"";6310307.587;2216796.038;5485.722;1492.994;0.0014;-0.0011;0.0018
Y;"";6310182.63;2216899.481;5357.292;1592.095;0.0011;-0.0007;0.0013
Y;"";6310118.606;2217006.667;5289.632;1697.025;0.0014;-0.0003;0.0014
Y;"";6310037.75;2217117.723;5205.017;1805.245;0.0015;-0.0008;0.0017
Y;"";6309834.524;2217211.336;4998.7;1891.839;0.0009;-0.0007;0.0011
Y;"";6309758.695;2217298.997;4919.911;1976.851;0.0011;0.0000;0.0011
Y;"";6309733.871;2217356.758;4893.122;2033.727;0.0013;-0.0007;0.0015
Y;"";6309616.096;2217386.814;4774.385;2059.73;0.0010;0.0000;0.0010
Y;"";6309646.308;2217486.313;4801.17;2160.206;0.0015;-0.0007;0.0017
Y;"";6309664.484;2217495.475;4819.021;2169.986;0.0011;-0.0003;0.0011
Y;"";6309678.167;2217519.22;4831.883;2194.186;0.0018;-0.0004;0.0018
N;"";6309697.728;2217587.589;4649.089;2263.186;-199.9988;-0.0001;199.9988
Y;"";6309699.942;2217605.192;4850.699;2280.854;0.0018;-0.0008;0.0020
Y;"";6309744.23;2217735.355;4890.5;2412.46;0.0014;-0.0001;0.0014
Y;"";6309802.408;2217901.518;4942.95;2580.52;0.0018;-0.0005;0.0019
Y;"";6309882.202;2218134.799;5014.703;2816.4;0.0020;-0.0008;0.0022
Y;"";6309912.606;2218191.592;5043.143;2874.202;0.0021;-0.0008;0.0022
Y;"";6310047.338;2218596.973;5163.904;3283.965;0.0024;-0.0010;0.0026
Y;"";6310072.813;2218631.534;5188.18;3319.38;0.0026;0.0000;0.0026
Y;"";6310138.918;2218820.934;5247.755;3510.935;0.0021;-0.0005;0.0021
Y;"";6310299.565;2219291.682;5392.176;3986.915;0.0027;-0.0008;0.0029
Y;"";6310401.685;2219590.646;5483.991;4289.206;0.0031;0.0000;0.0031
Y;"";6310143.575;2219566.066;5226.873;4255.794;0.0028;-0.0004;0.0028
Y;"";6309967.065;2219599.407;5049.323;4283.067;0.0029;0.0003;0.0029
Y;"";6309468.37;2219692.985;4547.71;4359.5;0.0023;0.0007;0.0024
Y;"";6309174.98;2219645.262;4256.126;4301.75;0.0023;0.0009;0.0025
Y;"";6308995.04;2219490.864;4081.582;4141.275;0.0023;0.0010;0.0025
Y;"";6308826.922;2219349.05;3918.422;3993.781;0.0025;0.0003;0.0025
Y;"";6308604.565;2219143.14;3703.25;3780.37;0.0016;0.0002;0.0016
Y;"";6308566.089;2219068.312;3667.361;3704.267;0.0018;0.0003;0.0018
Y;"";6308501.877;2218950.617;3607.22;3584.44;0.0019;0.0006;0.0020
Y;"";6308477.622;2218924.294;3583.881;3557.301;0.0017;0.0006;0.0018
Y;"";6308029.078;2218774.793;3140.721;3392.515;0.0017;0.0009;0.0019
Y;"";6307629.821;2218664.367;2745.48;3268.47;0.0015;0.0008;0.0017
Y;"";6307455.016;2218618.836;2572.337;3216.975;0.0016;0.0012;0.0020
Y;"";6307420.387;2218695.16;2535.112;3292.068;0.0012;0.0013;0.0017
Y;"";6307280.55;2218641.857;2397.183;3234.003;0.0013;0.0007;0.0014
Y;"";6307203.278;2218888.288;2311.51;3477.643;0.0008;0.0009;0.0013
Y;"";6307158.369;2218877.706;2266.99;3465.528;0.0011;0.0009;0.0014
Y;"";6307099.033;2219029.099;2202.5;3614.8;0.0011;0.0013;0.0017
Y;"";6307037.996;2219020.161;2141.805;3603.775;0.0013;0.0009;0.0016
Y;"";6307035.216;2218944.108;2141.633;3527.671;0.0013;0.0010;0.0016
Y;"";6307033.141;2218832.755;2143.375;3416.311;0.0009;0.0005;0.0010
Y;"";6307029.423;2218725.79;2143.325;3309.281;0.0009;0.0008;0.0012
Y;"";6306970.057;2218723.384;2084.076;3304.842;0.0010;0.0009;0.0014
Y;"";6306919.258;2218737.695;2032.816;3317.404;0.0010;0.0012;0.0015
Y;"";6306845.468;2218772.392;1957.88;3349.552;0.0012;0.0012;0.0017
Y;"";6306811.413;2218791.975;1923.173;3367.956;0.0006;0.0007;0.0009
Y;"";6306789.829;2218808.529;1901.035;3383.761;0.0014;0.0010;0.0017
Y;"";6306757.311;2218854.692;1866.953;3428.783;0.0006;0.0012;0.0013
Y;"";6306669.546;2219013.999;1773.78;3584.99;0.0012;0.0015;0.0019
Y;"";6306611.009;2219074.732;1713.195;3643.681;0.0006;0.0008;0.0011
Y;"";6306311.863;2219196.846;1410.038;3755.472;0.0010;0.0008;0.0012
Y;"";6306216.496;2219268.728;1312.263;3824.044;0.0011;0.0008;0.0013
Y;"";6306095.516;2219446.656;1185.255;3997.723;0.0006;0.0012;0.0013
Y;"";6306021.195;2219545.217;1107.6;4093.68;0.0012;0.0014;0.0019
Y;"";6306081.738;2219590.532;1166.555;4141.043;0.0014;0.0009;0.0016
Y;"";6306163.883;2219761.583;1242.79;4314.81;0.0011;0.0010;0.0015
Y;"";6306198.081;2219933.179;1271.087;4487.479;0.0007;0.0016;0.0018
Y;"";6306063.915;2220138.016;1129.979;4687.599;0.0008;0.0015;0.0017
Y;"";6305987.712;2220373.407;1045.753;4920.242;0.0006;0.0016;0.0017
Y;"";6305928.354;2220552.709;980.285;5097.405;0.0009;0.0010;0.0013
Y;"";6306384.381;2220451.272;1439.524;5011.656;0.0013;0.0017;0.0022
Y;"";6306460.908;2220433.173;1516.626;4996.19;0.0005;0.0016;0.0016
Y;"";6306559.557;2220727.666;1605.126;5293.893;0.0012;0.0018;0.0022
Y;"";6306460.125;2220856.591;1501.333;5419.335;0.0008;0.0012;0.0015
Y;"";6306134.418;2221255.863;1162.132;5807.214;0.0010;0.0022;0.0024
Y;"";6306116.347;2221336.939;1141.292;5887.623;0.0000;0.0015;0.0015
Y;"";6305943.606;2221324.107;969.091;5868.879;0.0000;0.0020;0.0020
Y;"";6305957.56;2221539.492;975.656;6084.617;0.0004;0.0018;0.0019
Y;"";6305893.245;2221645.817;907.734;6188.676;-0.0001;0.0016;0.0016
Y;"";6305665.375;2221608.506;681.275;6143.577;0.0000;0.0011;0.0011
Y;"";6305321.19;2221552.085;339.224;6075.394;0.0007;0.0017;0.0019
Y;"";6305054.071;2221507.953;73.772;6022.133;0.0003;0.0014;0.0014
Y;"";6304727.364;2221459.462;-251.084;5962.473;0.0000;0.0007;0.0007
Y;"";6304487.457;2221416.832;-489.39;5911.646;0.0010;0.0007;0.0012
Y;"";6303977.4;2221336.056;-996.383;5813.437;0.0010;0.0008;0.0013
Y;"";6303994.444;2221389.895;-981.194;5867.829;0.0010;0.0009;0.0014
Y;"";6303545.205;2221559.07;-1435.97;6021.51;0.0014;0.0007;0.0015
Y;"";6303631.764;2221767.008;-1356.588;6232.294;0.0007;0.0008;0.0011
Y;"";6303505.871;2221777.457;-1482.766;6238.422;0.0009;0.0003;0.0009
Y;"";6303508.179;2221807.066;-1481.474;6268.093;0.0009;0.0003;0.0010
Y;"";6303082.338;2222012.863;-1914.121;6459.177;0.0011;0.0004;0.0011
Y;"";6303044.609;2222033.66;-1952.541;6478.669;0.0009;0.0005;0.0011
Y;"";6302841.263;2221785.288;-2147.257;6223.472;0.0012;0.0005;0.0013
Y;"";6302684.959;2221642.035;-2298.561;6074.945;0.0013;0.0002;0.0013
Y;"";6302478.221;2221494.206;-2500.112;5920.117;0.0023;0.0008;0.0024
Y;"";6302397.746;2221577.352;-2583.39;6000.457;0.0022;0.0009;0.0024
Y;"";6302224.89;2221458.699;-2752.08;5875.949;0.0017;0.0012;0.0021
Y;"";6302147.985;2221653.629;-2835.62;6068.13;0.0027;0.0007;0.0028
Y;"";6301928.786;2222143.297;-3071.474;6550.002;0.0024;0.0005;0.0024
