Y;1;510854.341;2286007.848;13763.45;-12260.5;-0.0013;-0.0004;0.0013
Y;2;510808.677;2285984.725;13717.78;-12283.61;-0.0006;-0.0008;0.0010
Y;3;510769.769;2285942.543;13678.86;-12325.78;-0.0003;-0.0003;0.0004
Y;4;510755.003;2285930.049;13664.09;-12338.27;-0.0006;-0.0006;0.0009
Y;5;510762.278;2285913.181;13671.36;-12355.14;-0.0007;-0.0005;0.0009
Y;6;510765.746;2285884.932;13674.82;-12383.39;-0.0004;-0.0006;0.0007
Y;7;510781.322;2285898.057;13690.4;-12370.27;-0.0002;-0.0010;0.0010
Y;8;510794.074;2285893.830;13703.15;-12374.5;-0.0010;-0.0002;0.0010
Y;9;510836.404;2285928.183;13745.49;-12340.16;-0.0009;-0.0008;0.0012
Y;10;510834.338;2285947.702;13743.43;-12320.64;-0.0007;-0.0003;0.0008
Y;11;510852.579;2285979.377;13761.68;-12288.97;-0.0009;0.0001;0.0009
Y;12;511010.934;2286134.643;13920.08;-12133.75;-0.0012;0.0007;0.0014
Y;13;511013.084;2286167.074;13922.24;-12101.32;-0.0007;0.0004;0.0008
Y;1;499745.685;2280424.235;2653.18;-17840.89;-0.0020;-0.0013;0.0024
Y;2;499740.384;2280394.604;2647.87;-17870.52;-0.0025;-0.0018;0.0031
Y;3;499922.024;2280360.046;2829.5;-17905.13;-0.0027;-0.0016;0.0032
Y;4;500122.922;2280331.465;3030.39;-17933.77;-0.0026;-0.0030;0.0040
Y;5;500137.893;2280364.819;3045.37;-17900.42;-0.0032;-0.0027;0.0042
Y;1;499594.614;2280462.142;2502.12;-17802.94;-0.0018;-0.0016;0.0024
Y;2;499519.777;2280485.250;2427.29;-17779.81;-0.0014;-0.0011;0.0018
Y;3;499404.517;2280521.837;2312.04;-17743.19;-0.0018;-0.0012;0.0021
Y;4;499397.036;2280523.954;2304.56;-17741.07;-0.0014;-0.0003;0.0014
Y;5;499237.188;2280587.968;2144.73;-17677.01;-0.0016;-0.0002;0.0016
Y;6;499062.501;2280680.338;1970.07;-17584.59;-0.0009;-0.0004;0.0010
Y;7;499005.462;2280710.611;1913.04;-17554.3;-0.0005;0.0002;0.0005
Y;8;498997.470;2280716.269;1905.05;-17548.64;-0.0001;-0.0001;0.0002
Y;9;498976.582;2280677.373;1884.15;-17587.53;-0.0009;0.0000;0.0009
Y;10;499007.038;2280655.182;1914.6;-17609.73;-0.0006;-0.0003;0.0007
Y;11;499024.361;2280645.557;1931.92;-17619.36;-0.0009;-0.0003;0.0009
Y;12;499180.934;2280564.942;2088.47;-17700.02;-0.0009;-0.0003;0.0010
Y;13;499388.935;2280493.372;2296.45;-17771.65;-0.0016;-0.0006;0.0017
Y;14;499583.402;2280434.058;2490.9;-17831.02;-0.0017;-0.0008;0.0019
Y;15;499740.384;2280394.604;2647.87;-17870.52;-0.0025;-0.0018;0.0031
Y;16;499745.685;2280424.235;2653.18;-17840.89;-0.0020;-0.0013;0.0024
