Y;point;477506.275;1294383.551;1400.13;-11108.14;0.0011;-0.0005;0.0012
N;point;477546.256;1294393.127;1440.10;-11098.52;0.0005;-0.0003;0.0006
Y;point;477552.360;1294369.820;1446.23;-11121.82;0.0009;0.0001;0.0010
Y;point;477516.502;1294362.370;1410.38;-11129.31;0.0009;-0.0006;0.0011
N;point;471783.398;1313866.504;-4344.09;8368.62;-0.0013;0.0011;0.0017
Y;point;471806.46;1313860.028;-4321.02;8362.17;-0.0005;0.0019;0.0019
Y;point;471807.96;1313859.617;-4319.52;8361.76;-0.0009;0.0013;0.0016
N;point;471808.743;1313862.446;-4318.74;8364.59;-0.0008;0.0014;0.0016
Y;point;471815.038;1313885.159;-4312.47;8387.31;-0.0010;0.0014;0.0017
Y;point;471790.535;1313892.026;-4336.98;8394.15;-0.0004;0.0012;0.0013
Y;point;471784.191;1313869.333;-4343.3;8371.45;-0.0012;0.0012;0.0017
N;point;471783.398;1313866.504;-4344.09;8368.62;-0.0013;0.0011;0.0017
